454
630
249
726
695
795
40
558
679
756
944
106
331
578
333
750
403
232
591
994
451
176
50
221
592
715
414
668
725
803
790
857
797
504
291
94
382
910
699
54
30
628
971
967
731
179
855
207
374
201
977
208
733
889
397
515
705
166
969
512
138
497
778
169
821
308
671
937
154
582
400
158
763
431
502
722
131
752
59
667
411
573
681
202
448
55
685
285
989
264
17
355
233
986
816
240
22
822
808
396
751
611
793
678
194
99
709
978
441
297
643
369
684
542
700
228
34
642
569
815
798
421
114
688
706
262
289
161
806
68
101
434
489
551
921
288
616
771
999
948
210
602
383
936
826
12
968
567
682
663
143
652
593
836
947
963
268
465
466
819
241
180
812
618
481
491
852
917
747
649
388
984
460
336
635
544
182
25
135
170
407
321
907
76
834
401
673
973
697
362
344
269
351
280
178
736
387
875
662
162
870
195
899
153
877
991
858
931
272
329
874
854
897
853
486
536
470
634
134
561
442
824
621
924
523
532
314
988
718
352
39
753
519
940
478
445
879
437
848
996
334
242
302
670
193
804
90
81
894
398
942
654
335
696
522
456
328
103
283
163
846
438
5
960
631
664
766
769
14
261
501
884
878
469
290
168
774
66
310
780
402
541
610
151
735
792
238
368
702
903
183
981
243
356
737
707
319
653
539
693
185
717
598
418
624
276
933
975
564
748
252
919
274
223
531
548
186
651
279
918
734
258
881
533
391
159
835
908
286
219
204
127
446
152
350
839
958
231
358
78
80
530
789
71
966
430
683
198
574
123
385
951
306
120
41
413
484
925
132
140
419
993
511
450
871
463
494
711
443
96
840
206
295
35
372
360
475
191
468
390
831
13
38
477
86
246
404
982
938
72
184
375
188
849
712
633
745
104
692
614
716
157
572
327
46
462
801
794
458
305
746
24
641
278
694
98
256
440
457
341
701
416
102
1000
203
776
909
365
487
608
661
500
830
896
513
79
16
364
644
259
890
584
218
952
136
250
741
189
363
882
724
47
646
359
4
566
617
304
20
64
124
408
932
224
425
281
347
257
926
366
844
972
754
75
583
784
659
2
45
698
559
788
916
690
581
970
292
226
762
109
866
607
601
492
392
312
516
809
60
505
317
892
299
273
112
845
95
597
338
173
449
615
622
939
620
867
255
887
675
911
560
409
337
777
197
373
619
980
603
164
930
48
767
378
949
415
426
565
455
847
43
510
587
284
832
236
37
167
626
467
309
739
865
714
361
786
600
144
934
452
67
26
311
730
175
128
636
229
277
342
868
956
29
429
953
928
73
146
483
703
732
498
594
563
588
244
435
537
757
851
165
92
773
307
983
856
19
149
761
898
379
420
802
237
77
534
129
902
215
322
405
122
345
805
211
719
990
145
192
772
247
787
775
357
655
676
913
514
148
32
433
814
11
89
841
82
585
28
142
570
156
876
296
525
964
914
8
447
900
842
713
485
817
528
62
665
820
260
637
562
205
538
860
422
579
174
33
453
384
779
130
672
126
267
58
42
61
118
553
225
827
796
568
217
556
395
353
520
117
111
864
31
755
666
91
785
7
645
825
263
436
891
759
946
922
105
303
298
93
710
901
15
171
927
782
251
577
301
586
687
545
137
499
629
110
324
339
121
783
680
880
770
623
427
781
10
658
540
214
686
323
227
895
517
639
139
248
474
669
524
838
943
172
503
811
721
113
604
945
177
625
253
488
829
818
691
508
287
595
300
57
580
472
399
63
749
660
995
380
428
376
987
444
708
590
18
904
265
727
627
275
950
606
612
837
861
885
417
758
119
190
370
294
479
869
935
377
490
346
961
555
923
21
389
912
833
181
893
813
245
518
266
657
495
506
906
325
439
88
863
742
471
962
271
529
888
234
656
886
187
393
1
738
254
632
550
141
340
974
941
432
957
976
807
862
381
84
527
459
740
6
482
929
150
23
330
883
320
552
743
810
609
69
507
640
107
723
51
496
729
239
605
424
764
220
546
850
367
313
9
348
998
476
74
791
282
200
316
354
97
196
406
36
704
955
768
230
650
599
412
44
823
985
116
108
332
83
65
526
52
473
326
133
115
638
728
493
873
613
589
915
222
270
509
394
100
293
147
677
535
576
744
547
349
720
954
70
859
343
216
799
155
648
212
461
765
997
410
27
235
843
965
160
571
480
318
371
543
85
689
549
828
959
554
521
3
209
596
647
464
905
49
315
575
674
872
800
53
423
87
979
920
56
557
199
992
125
760
386
213